-3.975136860390194E-5
4.916552279610187E-5
-6.227606208994985E-4
-4.712266963906586E-4
2.471250481903553E-4
5.678035668097436E-4
1.3682890858035535E-4
-4.902302171103656E-4
-5.653932457789779E-4
3.8844944356242195E-5
7.435842417180538E-4
8.97304795216769E-4
4.317531711421907E-4
-1.0078955529024825E-4
-9.702349780127406E-5
5.089735495857894E-4
0.0012005219468846917
0.0013891678536310792
9.722436079755425E-4
4.124022088944912E-4
2.8568459674715996E-4
7.395969587378204E-4
0.0013662588316947222
0.0015927702188491821
0.0012123689521104097
5.649750819429755E-4
2.1290288714226335E-4
4.2236564331687987E-4
9.280567755922675E-4
0.001186931855045259
8.784403908066452E-4
1.9236307707615197E-4
-3.5076591302640736E-4
-3.738926607184112E-4
2.149471220036503E-5
3.579955955501646E-4
2.212013496318832E-4
-3.661742666736245E-4
-9.69506916590035E-4
-0.0011367429979145527
-8.019473170861602E-4
-3.3641912159509957E-4
-2.0782290084753186E-4
-5.590282380580902E-4
-0.001084701856598258
-0.0013111499138176441
-0.0010227998718619347
-4.5180777669884264E-4
-6.494925037259236E-5
-1.4429552538786083E-4
-5.394431645981967E-4
-8.101684506982565E-4
-6.263123941607773E-4
-6.375162047334015E-5
4.66661062091589E-4
5.885057034902275E-4
2.93140416033566E-4
-6.043098619556986E-5
-7.411158730974421E-5
3.310579340904951E-4
8.479123935103416E-4
0.0010629105381667614
8.268248639069498E-4
3.830276837106794E-4
1.4243129407986999E-4
3.126667288597673E-4
7.164599956013262E-4
9.588196990080178E-4
7.867197273299098E-4
3.146777453366667E-4
-8.406490087509155E-5
-1.1660612653940916E-4
1.6984940157271922E-4
4.398177261464298E-4
3.798791440203786E-4
-1.7744701835908927E-5
-4.5376483467407525E-4
-5.97720849327743E-4
-3.8567621959373355E-4
-6.999153265496716E-5
1.7968364772968926E-5
-2.2981807705946267E-4
-6.064297049306333E-4
-7.867900421842933E-4
-6.262420793063939E-4
-2.864008129108697E-4
-7.849642133805901E-5
-1.7537848907522857E-4
-4.593243356794119E-4
-6.40853017102927E-4
-5.310794804245234E-4
-2.122806035913527E-4
4.7354023990919814E-5
4.7842499043326825E-5
-1.605036377441138E-4
-3.340030962135643E-4
-2.709563123062253E-4
2.8989404654566897E-7
2.5578297208994627E-4
2.9410148272290826E-4
1.267943298444152E-4
-3.912912143277936E-5
-5.172490546101471E-6
2.274268917972222E-4
4.628963943105191E-4
5.045357393100858E-4
3.4670429886318743E-4
1.7819429922383279E-4
1.9448026432655752E-4
4.0318770334124565E-4
6.144975777715445E-4
6.277526263147593E-4
4.3198029743507504E-4
2.2112359874881804E-4
2.0424106332939118E-4
3.942169132642448E-4
5.856126663275063E-4
5.512869101949036E-4
2.7048884658142924E-4
-3.836322503047995E-5
-1.2295780470594764E-4
5.181848973734304E-5
2.549653872847557E-4
2.0341451454441994E-4
-1.5765555144753307E-4
-5.822898237966001E-4
-7.443128270097077E-4
-5.523102008737624E-4
-2.5479018222540617E-4
-2.1801405819132924E-4
-5.724406219087541E-4
-0.0010650830809026957
-0.0012760474346578121
-0.0010130490409210324
-5.125559982843697E-4
-2.3966954904608428E-4
-4.5380060328170657E-4
-9.440511930733919E-4
-0.0012001844588667154
-8.826900739222765E-4
-1.5984641504473984E-4
4.192278138361871E-4
4.225407028570771E-4
-4.8684541980037466E-5
-4.271284560672939E-4
-1.9403838086873293E-4
6.218813941814005E-4
0.001435750280506909
0.0016237793024629354
0.0011060979450121522
4.4791819527745247E-4
3.5792571725323796E-4
0.001025342382490635
0.0019118584459647536
0.0022174257319420576
0.0016158724902197719
5.82957174628973E-4
-1.0473379006725736E-5
3.062903124373406E-4
0.0011468156008049846
0.0015918450662866235
0.0010268569458276033
-2.670024405233562E-4
-0.0013311946531757712
-0.0013884465442970395
-5.683266208507121E-4
1.817613374441862E-4
-4.9565351218916476E-5
-0.0012830300256609917
-0.0025883628986775875
-0.0029054831247776747
-0.002018181374296546
-7.820366881787777E-4
-3.675139450933784E-4
-0.0011846382403746247
-0.0024750528391450644
-0.00297321449033916
-0.0020613186061382294
-3.652146551758051E-4
7.792686228640378E-4
5.332767032086849E-4
-6.592933787032962E-4
-0.0014473359333351254
-7.989616133272648E-4
0.0010281553259119391
0.002677077427506447
0.0029023124370723963
0.0017139471601694822
3.974912688136101E-4
3.586629463825375E-4
0.0018252315931022167
0.003599122865125537
0.004116648808121681
0.0028756819665431976
9.248300921171904E-4
-6.0823836975032464E-5
6.967663648538291E-4
0.0023430325090885162
0.003140182001516223
0.002049044705927372
-2.915339428000152E-4
-0.002103426493704319
-0.0020672576501965523
-5.357728805392981E-4
7.614563801325858E-4
2.84916051896289E-4
-0.0018875878304243088
-0.0040877400897443295
-0.00454505393281579
-0.0030018403194844723
-9.750884491950274E-4
-3.9681163616478443E-4
-0.001847444917075336
-0.003995121922343969
-0.004779335111379623
-0.0032875032629817724
-6.167824612930417E-4
0.001088511198759079
5.756175960414112E-4
-0.0013609055895358324
-0.002579757245257497
-0.001540713245049119
0.0012635057792067528
0.003712503472343087
0.003961037378758192
0.002121885307133198
1.8403718422632664E-4
2.126380568370223E-4
0.002451685257256031
0.0050653936341404915
0.0057807243429124355
0.003956733271479607
0.001193144009448588
-1.0043056681752205E-4
0.0011050921166315675
0.0035016643814742565
0.0046138521283864975
0.003053960856050253
-1.8585518409963697E-4
-0.002599338535219431
-0.00242629530839622
-2.585909969639033E-4
0.0014840508811175823
7.549503934569657E-4
-0.002233324106782675
-0.005164532922208309
-0.005698449444025755
-0.0035995261278003454
-9.714087937027216E-4
-3.485957277007401E-4
-0.0023246852215379477
-0.00482147466391325
-0.00466356473043561
-1.4830500003881752E-4
0.007437866181135178
0.01434200257062912
0.016157856211066246
0.009470097720623016
-0.007259170059114695
-0.032856643199920654
-0.06194056570529938
-0.08368891477584839
-0.0834382176399231
-0.04898233711719513
0.020149143412709236
0.106240414083004
0.17628511786460876
0.19604307413101196
0.14916686713695526
0.04979947209358215
-0.06108105927705765
-0.13590379059314728
-0.14645686745643616
-0.0995827168226242
-0.032082699239254
0.01260025892406702
0.011223467998206615
-0.026215311139822006
-0.06548986583948135
-0.07267018407583237
-0.03728226199746132
0.021475186571478844
0.06904524564743042
0.0797220841050148
0.053625479340553284
0.014950798824429512
-0.006460519041866064
0.0034919825848191977
0.034123677760362625
0.05918178707361221
0.05690860003232956
0.025960829108953476
-0.0142777469009161
-0.038655828684568405
-0.03491417318582535
-0.012067870236933231
0.0074226330034434795
0.0053161210380494595
-0.018552837893366814
-0.04667451232671738
-0.0578683577477932
-0.043799061328172684
-0.015161319635808468
0.007084337994456291
0.00830337218940258
-0.00856422632932663
-0.025894680991768837
-0.025900298729538918
-0.005032325629144907
0.02327451854944229
0.039588283747434616
0.03417321667075157
0.014621439389884472
-7.006200612522662E-4
0.002101875375956297
0.021087992936372757
0.040303587913513184
0.043169599026441574
0.026262598112225533
0.00205326359719038
-0.011586250737309456
-0.006254428531974554
0.010188126936554909
0.020527347922325134
0.012889483943581581
-0.009210199117660522
-0.029903024435043335
-0.0344204306602478
-0.02149680256843567
-0.004215543624013662
0.001323804957792163
-0.01022710558027029
-0.029017113149166107
-0.038584280759096146
-0.030028240755200386
-0.009584923274815083
0.006834026426076889
0.007338367402553558
-0.005848700646311045
-0.01855206862092018
-0.017083855345845222
-1.3512250734493136E-4
0.02014497108757496
0.028717506676912308
0.02061922289431095
0.00507605355232954
-0.0027145734056830406
0.005117896478623152
0.022337300702929497
0.03416912630200386
0.030251290649175644
0.013618258759379387
-0.0020707855001091957
-0.004525736905634403
0.006516548339277506
0.01926211453974247
0.02037329412996769
0.006721505895256996
-0.01192011684179306
-0.021510720252990723
-0.0160222165286541
-0.002563819754868746
0.005068356636911631
-0.0013679483672603965
-0.0173427052795887
-0.029649147763848305
-0.028094280511140823
-0.014420628547668457
-6.35772303212434E-4
0.0016681569395586848
-0.008499368093907833
-0.020808441564440727
-0.022890543565154076
-0.011324918828904629
0.005388231016695499
0.01441154070198536
0.009902291931211948
-0.001961592584848404
-0.00863882526755333
-0.0024481681175529957
0.01263444870710373
0.02457948960363865
0.02401089482009411
0.01245717890560627
8.574710809625685E-4
-2.53917503869161E-4
0.00990748405456543
0.021791018545627594
0.02411782555282116
0.01394395250827074
-7.771351956762373E-4
-0.008338731713593006
-0.003686804324388504
0.007198694162070751
0.012787429615855217
0.006371669936925173
-0.00795553345233202
-0.01900341548025608
-0.018480805680155754
-0.008319822140038013
0.0011800862848758698
6.498495931737125E-4
-0.009973051957786083
-0.02146008051931858
-0.023613376542925835
-0.01438910048455
-0.0016619900707155466
0.0038862647488713264
-0.0016768935602158308
-0.012102778069674969
-0.016675984486937523
-0.009887217544019222
0.0036306024994701147
0.013291529379785061
0.012050217017531395
0.002650087233632803
-0.0049545904621481895
-0.0026268602814525366
0.008624337613582611
0.019586428999900818
0.02115650288760662
0.01250703725963831
0.0017628729110583663
-0.0013738333946093917
0.00563424825668335
0.01592896692454815
0.019509870558977127
0.012289527803659439
-2.2829182853456587E-4
-0.007938425056636333
-0.0052474429830908775
0.003936088178306818
0.009821723215281963
0.005656998138874769
-0.006141464691609144
-0.01618165895342827
-0.01659783162176609
-0.00813859049230814
5.752915167249739E-4
9.239661740139127E-4
-0.007872197777032852
-0.018062936142086983
-0.02043529786169529
-0.0126957381144166
-0.001541433040983975
0.003451382741332054
-0.0014578532427549362
-0.010801014490425587
-0.014937813393771648
-0.008895480073988438
0.003065385390073061
0.011329814791679382
0.009701747447252274
0.0010402952320873737
-0.005404602736234665
-0.0025161898229271173
0.008126355707645416
0.017678488045930862
0.018148919567465782
0.009742914699018002
6.615926977247E-4
-4.736492410302162E-4
0.007407657336443663
0.01682909019291401
0.018691210076212883
0.010723368264734745
-3.7883923505432904E-4
-0.005146857351064682
-1.3650550681632012E-4
0.008863047696650028
0.012240192852914333
0.00558136124163866
-0.006135535426437855
-0.013154827989637852
-0.010093307122588158
-0.001029729493893683
0.004324676468968391
-1.616854133317247E-4
-0.011149834841489792
-0.01892920583486557
-0.016668207943439484
-0.00702024856582284
3.3744200482033193E-4
-0.0019788281060755253
-0.011814593337476254
-0.019447751343250275
-0.01707727089524269
-0.0066476380452513695
0.0018595930887386203
3.115456202067435E-4
-0.009199469350278378
-0.016167093068361282
-0.01238899677991867
-9.103797492571175E-4
0.006552435457706451
0.0020798509940505028
-0.008790462277829647
-0.011835058219730854
-9.144376963376999E-4
0.010031202808022499
-0.004203315358608961